0.55
[1 1] [2 2]
0.5333333333333333
[2 2] [3 3]
0.525
[3 3] [4 4]
0.52
[4 4] [5 5]
0.5166666666666667
[5 5] [6 6]
0.5142857142857143
[6 6] [7 7]
0.5125
[7 7] [8 8]
0.5111111111111111
[8 8] [9 9]
0.51
[9 9] [10 10]
0.509090909090909
[10 10] [11 11]
0.5083333333333333
[11 11] [12 12]
0.5076923076923077
[12 12] [13 13]
0.5071428571428571
[13 13] [14 14]
0.5066666666666666
[14 14] [15 15]
0.50625
[15 15] [16 16]
0.5058823529411764
[16 16] [17 17]
0.5055555555555555
[17 17] [18 18]
0.5052631578947369
[18 18] [19 19]
0.505
[19 19] [20 20]
0.5047619047619047
[20 20] [21 21]
0.5045454545454545
[21 21] [22 22]
0.5043478260869565
[22 22] [23 23]
0.5041666666666667
[23 23] [24 24]
0.504
[24 24] [25 25]
0.5038461538461538
[25 25] [26 26]
0.5037037037037037
[26 26] [27 27]
0.5035714285714286
[27 27] [28 28]
0.503448275862069
[28 28] [29 29]
0.5033333333333333
[29 29] [30 30]
0.5032258064516129
[30 30] [31 31]
0.503125
[31 31] [32 32]
0.503030303030303
[32 32] [33 33]
0.5029411764705882
[33 33] [34 34]
0.5028571428571429
[34 34] [35 35]
0.5027777777777778
[35 35] [36 36]
0.5027027027027028
[36 36] [37 37]
0.5026315789473684
[37 37] [38 38]
0.5025641025641026
[38 38] [39 39]
0.5025000000000001
[39 39] [40 40]
0.5024390243902439
[40 40] [41 41]
0.5023809523809524
[41 41] [42 42]
0.5023255813953489
[42 42] [43 43]
0.5022727272727273
[43 43] [44 44]
0.5022222222222222
[44 44] [45 45]
0.5021739130434782
[45 45] [46 46]
0.5021276595744681
[46 46] [47 47]
0.5020833333333333
[47 47] [48 48]
0.5020408163265306
[48 48] [49 49]
0.502
[49 49] [50 50]
0.5019607843137255
[50 50] [51 51]
0.5019230769230769
[51 51] [52 52]
0.5018867924528302
[52 52] [53 53]
0.5018518518518519
[53 53] [54 54]
0.5018181818181818
[54 54] [55 55]
0.5017857142857143
[55 55] [56 56]
0.5017543859649123
[56 56] [57 57]
0.5017241379310345
[57 57] [58 58]
0.5016949152542373
[58 58] [59 59]
0.5016666666666667
[59 59] [60 60]
0.5016393442622951
[60 60] [61 61]
0.5016129032258064
[61 61] [62 62]
0.5015873015873016
[62 62] [63 63]
0.5015625
[63 63] [64 64]
0.5015384615384616
[64 64] [65 65]
0.5015151515151516
[65 65] [66 66]
0.5014925373134329
[66 66] [67 67]
0.5014705882352941
[67 67] [68 68]
0.5014492753623189
[68 68] [69 69]
0.5014285714285714
[69 69] [70 70]
0.5014084507042254
[70 70] [71 71]
0.5013888888888889
[71 71] [72 72]
0.5013698630136987
[72 72] [73 73]
0.5013513513513513
[73 73] [74 74]
0.5013333333333333
[74 74] [75 75]
0.5013157894736843
[75 75] [76 76]
0.5012987012987014
[76 76] [77 77]
0.5012820512820513
[77 77] [78 78]
0.5012658227848101
[78 78] [79 79]
0.50125
[79 79] [80 80]
0.5012345679012346
[80 80] [81 81]
0.501219512195122
[81 81] [82 82]
0.5012048192771085
[82 82] [83 83]
0.5011904761904762
[83 83] [84 84]
0.5011764705882353
[84 84] [85 85]
0.5011627906976744
[85 85] [86 86]
0.5011494252873563
[86 86] [87 87]
0.5011363636363636
[87 87] [88 88]
0.501123595505618
[88 88] [89 89]
0.5011111111111112
[89 89] [90 90]
0.5010989010989011
[90 90] [91 91]
0.5010869565217392
[91 91] [92 92]
0.5010752688172043
[92 92] [93 93]
0.5010638297872341
[93 93] [94 94]
0.5010526315789474
[94 94] [95 95]
0.5010416666666667
[95 95] [96 96]
0.5010309278350515
[96 96] [97 97]
0.5010204081632653
[97 97] [98 98]
0.501010101010101
[98 98] [99 99]
0.501
[99 99] [100 100]
0.500990099009901
[100 100] [101 101]
0.5009803921568627
[101 101] [102 102]
0.5009708737864078
[102 102] [103 103]
0.5009615384615385
[103 103] [104 104]
0.5009523809523809
[104 104] [105 105]
0.5009433962264151
[105 105] [106 106]
0.5009345794392523
[106 106] [107 107]
0.5009259259259259
[107 107] [108 108]
0.5009174311926605
[108 108] [109 109]
0.500909090909091
[109 109] [110 110]
0.5009009009009009
[110 110] [111 111]
0.5008928571428571
[111 111] [112 112]
0.5008849557522124
[112 112] [113 113]
0.5008771929824561
[113 113] [114 114]
0.5008695652173913
[114 114] [115 115]
0.5008620689655172
[115 115] [116 116]
0.5008547008547009
[116 116] [117 117]
0.5008474576271187
[117 117] [118 118]
0.5008403361344538
[118 118] [119 119]
0.5008333333333334
[119 119] [120 120]
0.5008264462809917
[120 120] [121 121]
0.5008196721311475
[121 121] [122 122]
0.5008130081300813
[122 122] [123 123]
0.5008064516129033
[123 123] [124 124]
0.5008
[124 124] [125 125]
0.5007936507936508
[125 125] [126 126]
0.5007874015748032
[126 126] [127 127]
0.50078125
[127 127] [128 128]
0.5007751937984496
[128 128] [129 129]
0.5007692307692307
[129 129] [130 130]
0.5007633587786259
[130 130] [131 131]
0.5007575757575757
[131 131] [132 132]
0.5007518796992481
[132 132] [133 133]
0.5007462686567163
[133 133] [134 134]
0.5007407407407407
[134 134] [135 135]
0.5007352941176471
[135 135] [136 136]
0.5007299270072992
[136 136] [137 137]
0.5007246376811594
[137 137] [138 138]
0.5007194244604316
[138 138] [139 139]
0.5007142857142857
[139 139] [140 140]
0.500709219858156
[140 140] [141 141]
0.5007042253521127
[141 141] [142 142]
0.5006993006993007
[142 142] [143 143]
0.5006944444444444
[143 143] [144 144]
0.5006896551724137
[144 144] [145 145]
0.5006849315068492
[145 145] [146 146]
0.5006802721088435
[146 146] [147 147]
0.5006756756756756
[147 147] [148 148]
0.5006711409395973
[148 148] [149 149]
0.5006666666666666
[149 149] [150 150]
0.500662251655629
[150 150] [151 151]
0.5006578947368421
[151 151] [152 152]
0.5006535947712418
[152 152] [153 153]
0.5006493506493506
[153 153] [154 154]
0.5006451612903225
[154 154] [155 155]
0.5006410256410256
[155 155] [156 156]
0.5006369426751592
[156 156] [157 157]
0.5006329113924051
[157 157] [158 158]
0.5006289308176101
[158 158] [159 159]
0.500625
[159 159] [160 160]
0.5006211180124224
[160 160] [161 161]
0.5006172839506172
[161 161] [162 162]
0.5006134969325153
[162 162] [163 163]
0.500609756097561
[163 163] [164 164]
0.5006060606060606
[164 164] [165 165]
0.5006024096385542
[165 165] [166 166]
0.5005988023952096
[166 166] [167 167]
0.5005952380952381
[167 167] [168 168]
0.5005917159763313
[168 168] [169 169]
0.5005882352941177
[169 169] [170 170]
0.5005847953216374
[170 170] [171 171]
0.5005813953488372
[171 171] [172 172]
0.5005780346820808
[172 172] [173 173]
0.5005747126436781
[173 173] [174 174]
0.5005714285714286
[174 174] [175 175]
0.5005681818181817
[175 175] [176 176]
0.5005649717514123
[176 176] [177 177]
0.500561797752809
[177 177] [178 178]
0.500558659217877
[178 178] [179 179]
0.5005555555555555
[179 179] [180 180]
0.5005524861878453
[180 180] [181 181]
0.5005494505494505
[181 181] [182 182]
0.5005464480874317
[182 182] [183 183]
0.5005434782608695
[183 183] [184 184]
0.5005405405405405
[184 184] [185 185]
0.5005376344086021
[185 185] [186 186]
0.5005347593582887
[186 186] [187 187]
0.500531914893617
[187 187] [188 188]
0.5005291005291005
[188 188] [189 189]
0.5005263157894737
[189 189] [190 190]
0.500523560209424
[190 190] [191 191]
0.5005208333333333
[191 191] [192 192]
0.5005181347150259
[192 192] [193 193]
0.5005154639175258
[193 193] [194 194]
0.5005128205128205
[194 194] [195 195]
0.5005102040816326
[195 195] [196 196]
0.5005076142131979
[196 196] [197 197]
0.5005050505050505
[197 197] [198 198]
0.5005025125628141
[198 198] [199 199]
0.5005
[199 199] [200 200]
0.5004975124378109
[200 200] [201 201]
0.5004950495049505
[201 201] [202 202]
0.5004926108374383
[202 202] [203 203]
0.5004901960784314
[203 203] [204 204]
0.5004878048780488
[204 204] [205 205]
0.5004854368932039
[205 205] [206 206]
0.5004830917874395
[206 206] [207 207]
0.5004807692307692
[207 207] [208 208]
0.5004784688995215
[208 208] [209 209]
0.5004761904761904
[209 209] [210 210]
0.500473933649289
[210 210] [211 211]
0.5004716981132076
[211 211] [212 212]
0.5004694835680751
[212 212] [213 213]
0.5004672897196262
[213 213] [214 214]
0.5004651162790698
[214 214] [215 215]
0.5004629629629629
[215 215] [216 216]
0.5004608294930876
[216 216] [217 217]
0.5004587155963303
[217 217] [218 218]
0.5004566210045662
[218 218] [219 219]
0.5004545454545454
[219 219] [220 220]
0.5004524886877828
[220 220] [221 221]
0.5004504504504504
[221 221] [222 222]
0.5004484304932735
[222 222] [223 223]
0.5004464285714285
[223 223] [224 224]
0.5004444444444445
[224 224] [225 225]
0.5004424778761062
[225 225] [226 226]
0.5004405286343612
[226 226] [227 227]
0.500438596491228
[227 227] [228 228]
0.5004366812227073
[228 228] [229 229]
0.5004347826086957
[229 229] [230 230]
0.5004329004329005
[230 230] [231 231]
0.5004310344827586
[231 231] [232 232]
0.5004291845493563
[232 232] [233 233]
0.5004273504273504
[233 233] [234 234]
0.5004255319148936
[234 234] [235 235]
0.5004237288135593
[235 235] [236 236]
0.50042194092827
[236 236] [237 237]
0.5004201680672269
[237 237] [238 238]
0.500418410041841
[238 238] [239 239]
0.5004166666666666
[239 239] [240 240]
0.5004149377593361
[240 240] [241 241]
0.5004132231404959
[241 241] [242 242]
0.5004115226337449
[242 242] [243 243]
0.5004098360655738
[243 243] [244 244]
0.5004081632653061
[244 244] [245 245]
0.5004065040650406
[245 245] [246 246]
0.5004048582995951
[246 246] [247 247]
0.5004032258064516
[247 247] [248 248]
0.5004016064257027
[248 248] [249 249]
0.5004
[249 249] [250 250]
0.500398406374502
[250 250] [251 251]
0.5003968253968254
[251 251] [252 252]
0.500395256916996
[252 252] [253 253]
0.5003937007874015
[253 253] [254 254]
0.5003921568627451
[254 254] [255 255]
0.500390625
[255 255] [256 256]
0.5003891050583658
[256 256] [257 257]
0.5003875968992247
[257 257] [258 258]
0.5003861003861003
[258 258] [259 259]
0.5003846153846153
[259 259] [260 260]
0.5003831417624521
[260 260] [261 261]
0.500381679389313
[261 261] [262 262]
0.5003802281368821
[262 262] [263 263]
0.5003787878787879
[263 263] [264 264]
0.500377358490566
[264 264] [265 265]
0.500375939849624
[265 265] [266 266]
0.500374531835206
[266 266] [267 267]
0.5003731343283582
[267 267] [268 268]
0.5003717472118959
[268 268] [269 269]
0.5003703703703704
[269 269] [270 270]
0.5003690036900369
[270 270] [271 271]
0.5003676470588235
[271 271] [272 272]
0.5003663003663004
[272 272] [273 273]
0.5003649635036496
[273 273] [274 274]
0.5003636363636363
[274 274] [275 275]
0.5003623188405797
[275 275] [276 276]
0.5003610108303249
[276 276] [277 277]
0.5003597122302158
[277 277] [278 278]
0.5003584229390681
[278 278] [279 279]
0.5003571428571428
[279 279] [280 280]
0.500355871886121
[280 280] [281 281]
0.500354609929078
[281 281] [282 282]
0.5003533568904593
[282 282] [283 283]
0.5003521126760563
[283 283] [284 284]
0.5003508771929824
[284 284] [285 285]
0.5003496503496503
[285 285] [286 286]
0.5003484320557491
[286 286] [287 287]
0.5003472222222222
[287 287] [288 288]
0.5003460207612457
[288 288] [289 289]
0.5003448275862069
[289 289] [290 290]
0.5003436426116838
[290 290] [291 291]
0.5003424657534247
[291 291] [292 292]
0.5003412969283276
[292 292] [293 293]
0.5003401360544217
[293 293] [294 294]
0.5003389830508475
[294 294] [295 295]
0.5003378378378378
[295 295] [296 296]
0.5003367003367003
[296 296] [297 297]
0.5003355704697986
[297 297] [298 298]
0.5003344481605351
[298 298] [299 299]
0.5003333333333333
[299 299] [300 300]
0.5003322259136213
[300 300] [301 301]
0.5003311258278146
[301 301] [302 302]
0.5003300330033003
[302 302] [303 303]
0.500328947368421
[303 303] [304 304]
0.500327868852459
[304 304] [305 305]
0.5003267973856209
[305 305] [306 306]
0.5003257328990228
[306 306] [307 307]
0.5003246753246753
[307 307] [308 308]
0.5003236245954692
[308 308] [309 309]
0.5003225806451612
[309 309] [310 310]
0.5003215434083601
[310 310] [311 311]
0.5003205128205128
[311 311] [312 312]
0.5003194888178913
[312 312] [313 313]
0.5003184713375796
[313 313] [314 314]
0.5003174603174603
[314 314] [315 315]
0.5003164556962025
[315 315] [316 316]
0.5003154574132492
[316 316] [317 317]
0.500314465408805
[317 317] [318 318]
0.5003134796238244
[318 318] [319 319]
0.5003124999999999
[319 319] [320 320]
0.5003115264797507
[320 320] [321 321]
0.5003105590062111
[321 321] [322 322]
0.5003095975232198
[322 322] [323 323]
0.5003086419753087
[323 323] [324 324]
0.5003076923076923
[324 324] [325 325]
0.5003067484662577
[325 325] [326 326]
0.5003058103975535
[326 326] [327 327]
0.5003048780487804
[327 327] [328 328]
0.5003039513677812
[328 328] [329 329]
0.5003030303030302
[329 329] [330 330]
0.5003021148036254
[330 330] [331 331]
0.5003012048192771
[331 331] [332 332]
0.5003003003003003
[332 332] [333 333]
0.5002994011976047
[333 333] [334 334]
0.5002985074626866
[334 334] [335 335]
0.500297619047619
[335 335] [336 336]
0.5002967359050445
[336 336] [337 337]
0.5002958579881657
[337 337] [338 338]
0.5002949852507375
[338 338] [339 339]
0.5002941176470588
[339 339] [340 340]
0.5002932551319648
[340 340] [341 341]
0.5002923976608187
[341 341] [342 342]
0.5002915451895044
[342 342] [343 343]
0.5002906976744186
[343 343] [344 344]
0.5002898550724637
[344 344] [345 345]
0.5002890173410405
[345 345] [346 346]
0.5002881844380404
[346 346] [347 347]
0.5002873563218391
[347 347] [348 348]
0.5002865329512893
[348 348] [349 349]
0.5002857142857142
[349 349] [350 350]
0.5002849002849002
[350 350] [351 351]
0.5002840909090909
[351 351] [352 352]
0.5002832861189802
[352 352] [353 353]
0.5002824858757062
[353 353] [354 354]
0.500281690140845
[354 354] [355 355]
0.5002808988764045
[355 355] [356 356]
0.5002801120448179
[356 356] [357 357]
0.5002793296089385
[357 357] [358 358]
0.5002785515320334
[358 358] [359 359]
0.5002777777777777
[359 359] [360 360]
0.5002770083102492
[360 360] [361 361]
0.5002762430939226
[361 361] [362 362]
0.5002754820936639
[362 362] [363 363]
0.5002747252747253
[363 363] [364 364]
0.5002739726027398
[364 364] [365 365]
0.5002732240437159
[365 365] [366 366]
0.5002724795640326
[366 366] [367 367]
0.5002717391304348
[367 367] [368 368]
0.5002710027100271
[368 368] [369 369]
0.5002702702702703
[369 369] [370 370]
0.5002695417789758
[370 370] [371 371]
0.500268817204301
[371 371] [372 372]
0.5002680965147452
[372 372] [373 373]
0.5002673796791444
[373 373] [374 374]
0.5002666666666666
[374 374] [375 375]
0.5002659574468085
[375 375] [376 376]
0.5002652519893899
[376 376] [377 377]
0.5002645502645503
[377 377] [378 378]
0.5002638522427441
[378 378] [379 379]
0.5002631578947369
[379 379] [380 380]
0.5002624671916011
[380 380] [381 381]
0.500261780104712
[381 381] [382 382]
0.5002610966057441
[382 382] [383 383]
0.5002604166666667
[383 383] [384 384]
0.5002597402597403
[384 384] [385 385]
0.5002590673575129
[385 385] [386 386]
0.5002583979328166
[386 386] [387 387]
0.5002577319587629
[387 387] [388 388]
0.5002570694087404
[388 388] [389 389]
0.5002564102564102
[389 389] [390 390]
0.5002557544757034
[390 390] [391 391]
0.5002551020408164
[391 391] [392 392]
0.5002544529262086
[392 392] [393 393]
0.500253807106599
[393 393] [394 394]
0.500253164556962
[394 394] [395 395]
0.5002525252525253
[395 395] [396 396]
0.5002518891687657
[396 396] [397 397]
0.500251256281407
[397 397] [398 398]
0.5002506265664161
[398 398] [399 399]
0.50025
[399 399] [400 400]
0.5002493765586035
[400 400] [401 401]
0.5002487562189054
[401 401] [402 402]
0.5002481389578164
[402 402] [403 403]
0.5002475247524752
[403 403] [404 404]
0.5002469135802469
[404 404] [405 405]
0.5002463054187192
[405 405] [406 406]
0.5002457002457003
[406 406] [407 407]
0.5002450980392157
[407 407] [408 408]
0.5002444987775061
[408 408] [409 409]
0.5002439024390244
[409 409] [410 410]
0.5002433090024331
[410 410] [411 411]
0.500242718446602
[411 411] [412 412]
0.5002421307506053
[412 412] [413 413]
0.5002415458937198
[413 413] [414 414]
0.5002409638554217
[414 414] [415 415]
0.5002403846153846
[415 415] [416 416]
0.5002398081534772
[416 416] [417 417]
0.5002392344497607
[417 417] [418 418]
0.5002386634844869
[418 418] [419 419]
0.5002380952380953
[419 419] [420 420]
0.5002375296912114
[420 420] [421 421]
0.5002369668246446
[421 421] [422 422]
0.5002364066193853
[422 422] [423 423]
0.5002358490566038
[423 423] [424 424]
0.500235294117647
[424 424] [425 425]
0.5002347417840376
[425 425] [426 426]
0.5002341920374707
[426 426] [427 427]
0.500233644859813
[427 427] [428 428]
0.5002331002331002
[428 428] [429 429]
0.5002325581395348
[429 429] [430 430]
0.5002320185614849
[430 430] [431 431]
0.5002314814814814
[431 431] [432 432]
0.500230946882217
[432 432] [433 433]
0.5002304147465437
[433 433] [434 434]
0.5002298850574712
[434 434] [435 435]
0.5002293577981651
[435 435] [436 436]
0.5002288329519451
[436 436] [437 437]
0.5002283105022831
[437 437] [438 438]
0.5002277904328019
[438 438] [439 439]
0.5002272727272727
[439 439] [440 440]
0.5002267573696145
[440 440] [441 441]
0.5002262443438914
[441 441] [442 442]
0.5002257336343116
[442 442] [443 443]
0.5002252252252252
[443 443] [444 444]
0.5002247191011235
[444 444] [445 445]
0.5002242152466367
[445 445] [446 446]
0.5002237136465324
[446 446] [447 447]
0.5002232142857143
[447 447] [448 448]
0.5002227171492205
[448 448] [449 449]
0.5002222222222222
[449 449] [450 450]
0.5002217294900222
[450 450] [451 451]
0.500221238938053
[451 451] [452 452]
0.5002207505518763
[452 452] [453 453]
0.5002202643171806
[453 453] [454 454]
0.5002197802197802
[454 454] [455 455]
0.5002192982456141
[455 455] [456 456]
0.500218818380744
[456 456] [457 457]
0.5002183406113537
[457 457] [458 458]
0.5002178649237473
[458 458] [459 459]
0.5002173913043478
[459 459] [460 460]
0.5002169197396963
[460 460] [461 461]
0.5002164502164502
[461 461] [462 462]
0.5002159827213822
[462 462] [463 463]
0.5002155172413792
[463 463] [464 464]
0.5002150537634409
[464 464] [465 465]
0.5002145922746781
[465 465] [466 466]
0.5002141327623126
[466 466] [467 467]
0.5002136752136752
[467 467] [468 468]
0.5002132196162047
[468 468] [469 469]
0.5002127659574468
[469 469] [470 470]
0.5002123142250531
[470 470] [471 471]
0.5002118644067797
[471 471] [472 472]
0.5002114164904863
[472 472] [473 473]
0.500210970464135
[473 473] [474 474]
0.5002105263157894
[474 474] [475 475]
0.5002100840336134
[475 475] [476 476]
0.5002096436058701
[476 476] [477 477]
0.5002092050209205
[477 477] [478 478]
0.5002087682672234
[478 478] [479 479]
0.5002083333333334
[479 479] [480 480]
0.5002079002079002
[480 480] [481 481]
0.500207468879668
[481 481] [482 482]
0.5002070393374741
[482 482] [483 483]
0.5002066115702479
[483 483] [484 484]
0.5002061855670104
[484 484] [485 485]
0.5002057613168724
[485 485] [486 486]
0.500205338809035
[486 486] [487 487]
0.5002049180327869
[487 487] [488 488]
0.5002044989775051
[488 488] [489 489]
0.5002040816326531
[489 489] [490 490]
0.50020366598778
[490 490] [491 491]
0.5002032520325204
[491 491] [492 492]
0.5002028397565923
[492 492] [493 493]
0.5002024291497975
[493 493] [494 494]
0.5002020202020202
[494 494] [495 495]
0.5002016129032258
[495 495] [496 496]
0.5002012072434607
[496 496] [497 497]
0.5002008032128514
[497 497] [498 498]
0.5002004008016032
[498 498] [499 499]
0.5002
[499 499] [500 500]
0.5001996007984032
[500 500] [501 501]
0.500199203187251
[501 501] [502 502]
0.5001988071570577
[502 502] [503 503]
0.5001984126984127
[503 503] [504 504]
0.5001980198019802
[504 504] [505 505]
0.500197628458498
[505 505] [506 506]
0.5001972386587771
[506 506] [507 507]
0.5001968503937008
[507 507] [508 508]
0.500196463654224
[508 508] [509 509]
0.5001960784313726
[509 509] [510 510]
0.5001956947162427
[510 510] [511 511]
0.5001953125
[511 511] [512 512]
0.5001949317738792
[512 512] [513 513]
0.5001945525291829
[513 513] [514 514]
0.5001941747572816
[514 514] [515 515]
0.5001937984496124
[515 515] [516 516]
0.5001934235976789
[516 516] [517 517]
0.5001930501930503
[517 517] [518 518]
0.5001926782273604
[518 518] [519 519]
0.5001923076923077
[519 519] [520 520]
0.5001919385796546
[520 520] [521 521]
0.5001915708812261
[521 521] [522 522]
0.5001912045889102
[522 522] [523 523]
0.5001908396946565
[523 523] [524 524]
0.5001904761904762
[524 524] [525 525]
0.5001901140684412
[525 525] [526 526]
0.5001897533206832
[526 526] [527 527]
0.500189393939394
[527 527] [528 528]
0.5001890359168243
[528 528] [529 529]
0.5001886792452831
[529 529] [530 530]
0.5001883239171375
[530 530] [531 531]
0.5001879699248121
[531 531] [532 532]
0.5001876172607881
[532 532] [533 533]
0.500187265917603
[533 533] [534 534]
0.5001869158878505
[534 534] [535 535]
0.5001865671641792
[535 535] [536 536]
0.5001862197392924
[536 536] [537 537]
0.500185873605948
[537 537] [538 538]
0.5001855287569573
[538 538] [539 539]
0.5001851851851852
[539 539] [540 540]
0.500184842883549
[540 540] [541 541]
0.5001845018450185
[541 541] [542 542]
0.5001841620626152
[542 542] [543 543]
0.5001838235294118
[543 543] [544 544]
0.5001834862385321
[544 544] [545 545]
0.5001831501831502
[545 545] [546 546]
0.50018281535649
[546 546] [547 547]
0.5001824817518249
[547 547] [548 548]
0.5001821493624773
[548 548] [549 549]
0.5001818181818182
[549 549] [550 550]
0.5001814882032668
[550 550] [551 551]
0.5001811594202898
[551 551] [552 552]
0.5001808318264015
[552 552] [553 553]
0.5001805054151625
[553 553] [554 554]
0.5001801801801802
[554 554] [555 555]
0.500179856115108
[555 555] [556 556]
0.5001795332136446
[556 556] [557 557]
0.5001792114695341
[557 557] [558 558]
0.5001788908765653
[558 558] [559 559]
0.5001785714285715
[559 559] [560 560]
0.5001782531194296
[560 560] [561 561]
0.5001779359430606
[561 561] [562 562]
0.5001776198934281
[562 562] [563 563]
0.500177304964539
[563 563] [564 564]
0.5001769911504426
[564 564] [565 565]
0.5001766784452297
[565 565] [566 566]
0.5001763668430336
[566 566] [567 567]
0.5001760563380282
[567 567] [568 568]
0.5001757469244289
[568 568] [569 569]
0.5001754385964913
[569 569] [570 570]
0.5001751313485114
[570 570] [571 571]
0.5001748251748253
[571 571] [572 572]
0.5001745200698081
[572 572] [573 573]
0.5001742160278746
[573 573] [574 574]
0.5001739130434782
[574 574] [575 575]
0.5001736111111111
[575 575] [576 576]
0.5001733102253033
[576 576] [577 577]
0.5001730103806229
[577 577] [578 578]
0.5001727115716753
[578 578] [579 579]
0.5001724137931035
[579 579] [580 580]
0.500172117039587
[580 580] [581 581]
0.5001718213058419
[581 581] [582 582]
0.500171526586621
[582 582] [583 583]
0.5001712328767124
[583 583] [584 584]
0.5001709401709402
[584 584] [585 585]
0.5001706484641638
[585 585] [586 586]
0.5001703577512777
[586 586] [587 587]
0.5001700680272109
[587 587] [588 588]
0.5001697792869271
[588 588] [589 589]
0.5001694915254238
[589 589] [590 590]
0.5001692047377327
[590 590] [591 591]
0.5001689189189189
[591 591] [592 592]
0.500168634064081
[592 592] [593 593]
0.5001683501683503
[593 593] [594 594]
0.5001680672268908
[594 594] [595 595]
0.5001677852348994
[595 595] [596 596]
0.5001675041876047
[596 596] [597 597]
0.5001672240802676
[597 597] [598 598]
0.5001669449081804
[598 598] [599 599]
0.5001666666666668
[599 599] [600 600]
0.5001663893510816
[600 600] [601 601]
0.5001661129568107
[601 601] [602 602]
0.5001658374792703
[602 602] [603 603]
0.5001655629139073
[603 603] [604 604]
0.5001652892561984
[604 604] [605 605]
0.5001650165016502
[605 605] [606 606]
0.5001647446457991
[606 606] [607 607]
0.5001644736842106
[607 607] [608 608]
0.5001642036124795
[608 608] [609 609]
0.5001639344262295
[609 609] [610 610]
0.500163666121113
[610 610] [611 611]
0.5001633986928105
[611 611] [612 612]
0.500163132137031
[612 612] [613 613]
0.5001628664495115
[613 613] [614 614]
0.5001626016260163
[614 614] [615 615]
0.5001623376623378
[615 615] [616 616]
0.5001620745542951
[616 616] [617 617]
0.5001618122977347
[617 617] [618 618]
0.5001615508885299
[618 618] [619 619]
0.5001612903225807
[619 619] [620 620]
0.5001610305958133
[620 620] [621 621]
0.50016077170418
[621 621] [622 622]
0.5001605136436598
[622 622] [623 623]
0.5001602564102564
[623 623] [624 624]
0.50016
[624 624] [625 625]
0.5001597444089457
[625 625] [626 626]
0.5001594896331739
[626 626] [627 627]
0.5001592356687898
[627 627] [628 628]
0.5001589825119237
[628 628] [629 629]
0.5001587301587302
[629 629] [630 630]
0.5001584786053883
[630 630] [631 631]
0.5001582278481013
[631 631] [632 632]
0.5001579778830963
[632 632] [633 633]
0.5001577287066247
[633 633] [634 634]
0.5001574803149607
[634 634] [635 635]
0.5001572327044026
[635 635] [636 636]
0.5001569858712717
[636 636] [637 637]
0.5001567398119122
[637 637] [638 638]
0.5001564945226917
[638 638] [639 639]
0.5001562500000001
[639 639] [640 640]
0.5001560062402497
[640 640] [641 641]
0.5001557632398754
[641 641] [642 642]
0.5001555209953344
[642 642] [643 643]
0.5001552795031057
[643 643] [644 644]
0.5001550387596899
[644 644] [645 645]
0.50015479876161
[645 645] [646 646]
0.5001545595054097
[646 646] [647 647]
0.5001543209876543
[647 647] [648 648]
0.5001540832049307
[648 648] [649 649]
0.5001538461538462
[649 649] [650 650]
0.5001536098310292
[650 650] [651 651]
0.5001533742331289
[651 651] [652 652]
0.5001531393568147
[652 652] [653 653]
0.5001529051987768
[653 653] [654 654]
0.5001526717557252
[654 654] [655 655]
0.5001524390243903
[655 655] [656 656]
0.5001522070015221
[656 656] [657 657]
0.5001519756838906
[657 657] [658 658]
0.5001517450682853
[658 658] [659 659]
0.5001515151515152
[659 659] [660 660]
0.5001512859304085
[660 660] [661 661]
0.5001510574018128
[661 661] [662 662]
0.5001508295625943
[662 662] [663 663]
0.5001506024096386
[663 663] [664 664]
0.5001503759398497
[664 664] [665 665]
0.5001501501501502
[665 665] [666 666]
0.5001499250374813
[666 666] [667 667]
0.5001497005988025
[667 667] [668 668]
0.5001494768310912
[668 668] [669 669]
0.5001492537313433
[669 669] [670 670]
0.5001490312965723
[670 670] [671 671]
0.5001488095238096
[671 671] [672 672]
0.500148588410104
[672 672] [673 673]
0.5001483679525223
[673 673] [674 674]
0.5001481481481482
[674 674] [675 675]
0.5001479289940829
[675 675] [676 676]
0.5001477104874447
[676 676] [677 677]
0.5001474926253687
[677 677] [678 678]
0.5001472754050074
[678 678] [679 679]
0.5001470588235295
[679 679] [680 680]
0.5001468428781204
[680 680] [681 681]
0.5001466275659825
[681 681] [682 682]
0.5001464128843338
[682 682] [683 683]
0.5001461988304093
[683 683] [684 684]
0.5001459854014599
[684 684] [685 685]
0.5001457725947522
[685 685] [686 686]
0.5001455604075692
[686 686] [687 687]
0.5001453488372093
[687 687] [688 688]
0.500145137880987
[688 688] [689 689]
0.500144927536232
[689 689] [690 690]
0.5001447178002895
[690 690] [691 691]
0.5001445086705203
[691 691] [692 692]
0.5001443001443002
[692 692] [693 693]
0.5001440922190202
[693 693] [694 694]
0.5001438848920864
[694 694] [695 695]
0.5001436781609195
[695 695] [696 696]
0.5001434720229555
[696 696] [697 697]
0.5001432664756448
[697 697] [698 698]
0.5001430615164522
[698 698] [699 699]
0.5001428571428572
[699 699] [700 700]
0.5001426533523539
[700 700] [701 701]
0.5001424501424502
[701 701] [702 702]
0.5001422475106686
[702 702] [703 703]
0.5001420454545454
[703 703] [704 704]
0.5001418439716312
[704 704] [705 705]
0.5001416430594902
[705 705] [706 706]
0.5001414427157002
[706 706] [707 707]
0.5001412429378531
[707 707] [708 708]
0.5001410437235543
[708 708] [709 709]
0.5001408450704226
[709 709] [710 710]
0.5001406469760901
[710 710] [711 711]
0.5001404494382022
[711 711] [712 712]
0.500140252454418
[712 712] [713 713]
0.500140056022409
[713 713] [714 714]
0.5001398601398602
[714 714] [715 715]
0.5001396648044693
[715 715] [716 716]
0.500139470013947
[716 716] [717 717]
0.5001392757660168
[717 717] [718 718]
0.5001390820584145
[718 718] [719 719]
0.5001388888888889
[719 719] [720 720]
0.5001386962552011
[720 720] [721 721]
0.5001385041551247
[721 721] [722 722]
0.5001383125864454
[722 722] [723 723]
0.5001381215469614
[723 723] [724 724]
0.5001379310344828
[724 724] [725 725]
0.500137741046832
[725 725] [726 726]
0.5001375515818433
[726 726] [727 727]
0.5001373626373626
[727 727] [728 728]
0.5001371742112484
[728 728] [729 729]
0.5001369863013699
[729 729] [730 730]
0.5001367989056088
[730 730] [731 731]
0.500136612021858
[731 731] [732 732]
0.5001364256480219
[732 732] [733 733]
0.5001362397820164
[733 733] [734 734]
0.5001360544217688
[734 734] [735 735]
0.5001358695652174
[735 735] [736 736]
0.5001356852103122
[736 736] [737 737]
0.5001355013550136
[737 737] [738 738]
0.5001353179972937
[738 738] [739 739]
0.5001351351351352
[739 739] [740 740]
0.5001349527665317
[740 740] [741 741]
0.5001347708894879
[741 741] [742 742]
0.5001345895020188
[742 742] [743 743]
0.5001344086021505
[743 743] [744 744]
0.5001342281879195
[744 744] [745 745]
0.5001340482573727
[745 745] [746 746]
0.5001338688085676
[746 746] [747 747]
0.5001336898395722
[747 747] [748 748]
0.5001335113484646
[748 748] [749 749]
0.5001333333333333
[749 749] [750 750]
0.500133155792277
[750 750] [751 751]
0.5001329787234042
[751 751] [752 752]
0.500132802124834
[752 752] [753 753]
0.500132625994695
[753 753] [754 754]
0.5001324503311259
[754 754] [755 755]
0.5001322751322752
[755 755] [756 756]
0.5001321003963012
[756 756] [757 757]
0.500131926121372
[757 757] [758 758]
0.5001317523056654
[758 758] [759 759]
0.5001315789473685
[759 759] [760 760]
0.5001314060446781
[760 760] [761 761]
0.5001312335958006
[761 761] [762 762]
0.5001310615989515
[762 762] [763 763]
0.500130890052356
[763 763] [764 764]
0.5001307189542484
[764 764] [765 765]
0.5001305483028721
[765 765] [766 766]
0.5001303780964799
[766 766] [767 767]
0.5001302083333333
[767 767] [768 768]
0.5001300390117035
[768 768] [769 769]
0.5001298701298702
[769 769] [770 770]
0.5001297016861219
[770 770] [771 771]
0.5001295336787565
[771 771] [772 772]
0.5001293661060803
[772 772] [773 773]
0.5001291989664083
[773 773] [774 774]
0.5001290322580646
[774 774] [775 775]
0.5001288659793814
[775 775] [776 776]
0.5001287001287001
[776 776] [777 777]
0.5001285347043702
[777 777] [778 778]
0.5001283697047497
[778 778] [779 779]
0.5001282051282051
[779 779] [780 780]
0.5001280409731115
[780 780] [781 781]
0.5001278772378517
[781 781] [782 782]
0.5001277139208175
[782 782] [783 783]
0.5001275510204082
[783 783] [784 784]
0.5001273885350319
[784 784] [785 785]
0.5001272264631044
[785 785] [786 786]
0.5001270648030496
[786 786] [787 787]
0.5001269035532995
[787 787] [788 788]
0.5001267427122941
[788 788] [789 789]
0.5001265822784811
[789 789] [790 790]
0.5001264222503161
[790 790] [791 791]
0.5001262626262627
[791 791] [792 792]
0.5001261034047919
[792 792] [793 793]
0.5001259445843829
[793 793] [794 794]
0.500125786163522
[794 794] [795 795]
0.5001256281407035
[795 795] [796 796]
0.5001254705144291
[796 796] [797 797]
0.5001253132832081
[797 797] [798 798]
0.500125156445557
[798 798] [799 799]
0.500125
[799 799] [800 800]
0.5001248439450687
[800 800] [801 801]
0.5001246882793018
[801 801] [802 802]
0.5001245330012454
[802 802] [803 803]
0.5001243781094528
[803 803] [804 804]
0.5001242236024845
[804 804] [805 805]
0.5001240694789082
[805 805] [806 806]
0.5001239157372986
[806 806] [807 807]
0.5001237623762377
[807 807] [808 808]
0.500123609394314
[808 808] [809 809]
0.5001234567901235
[809 809] [810 810]
0.5001233045622688
[810 810] [811 811]
0.5001231527093596
[811 811] [812 812]
0.5001230012300123
[812 812] [813 813]
0.5001228501228502
[813 813] [814 814]
0.5001226993865031
[814 814] [815 815]
0.5001225490196078
[815 815] [816 816]
0.5001223990208079
[816 816] [817 817]
0.500122249388753
[817 817] [818 818]
0.5001221001221001
[818 818] [819 819]
0.5001219512195122
[819 819] [820 820]
0.500121802679659
[820 820] [821 821]
0.5001216545012166
[821 821] [822 822]
0.5001215066828676
[822 822] [823 823]
0.500121359223301
[823 823] [824 824]
0.5001212121212122
[824 824] [825 825]
0.5001210653753027
[825 825] [826 826]
0.5001209189842806
[826 826] [827 827]
0.50012077294686
[827 827] [828 828]
0.5001206272617612
[828 828] [829 829]
0.5001204819277109
[829 829] [830 830]
0.5001203369434417
[830 830] [831 831]
0.5001201923076923
[831 831] [832 832]
0.5001200480192077
[832 832] [833 833]
0.5001199040767387
[833 833] [834 834]
0.5001197604790419
[834 834] [835 835]
0.5001196172248804
[835 835] [836 836]
0.5001194743130227
[836 836] [837 837]
0.5001193317422434
[837 837] [838 838]
0.5001191895113231
[838 838] [839 839]
0.5001190476190477
[839 839] [840 840]
0.5001189060642093
[840 840] [841 841]
0.5001187648456057
[841 841] [842 842]
0.5001186239620403
[842 842] [843 843]
0.5001184834123223
[843 843] [844 844]
0.5001183431952663
[844 844] [845 845]
0.5001182033096927
[845 845] [846 846]
0.5001180637544275
[846 846] [847 847]
0.500117924528302
[847 847] [848 848]
0.5001177856301532
[848 848] [849 849]
0.5001176470588236
[849 849] [850 850]
0.500117508813161
[850 850] [851 851]
0.5001173708920188
[851 851] [852 852]
0.5001172332942556
[852 852] [853 853]
0.5001170960187354
[853 853] [854 854]
0.5001169590643275
[854 854] [855 855]
0.5001168224299065
[855 855] [856 856]
0.5001166861143524
[856 856] [857 857]
0.5001165501165501
[857 857] [858 858]
0.50011641443539
[858 858] [859 859]
0.5001162790697675
[859 859] [860 860]
0.5001161440185831
[860 860] [861 861]
0.5001160092807425
[861 861] [862 862]
0.5001158748551564
[862 862] [863 863]
0.5001157407407407
[863 863] [864 864]
0.5001156069364162
[864 864] [865 865]
0.5001154734411086
[865 865] [866 866]
0.5001153402537486
[866 866] [867 867]
0.5001152073732719
[867 867] [868 868]
0.5001150747986192
[868 868] [869 869]
0.5001149425287357
[869 869] [870 870]
0.5001148105625718
[870 870] [871 871]
0.5001146788990826
[871 871] [872 872]
0.500114547537228
[872 872] [873 873]
0.5001144164759725
[873 873] [874 874]
0.5001142857142857
[874 874] [875 875]
0.5001141552511416
[875 875] [876 876]
0.5001140250855188
[876 876] [877 877]
0.5001138952164009
[877 877] [878 878]
0.5001137656427759
[878 878] [879 879]
0.5001136363636364
[879 879] [880 880]
0.5001135073779795
[880 880] [881 881]
0.5001133786848073
[881 881] [882 882]
0.5001132502831257
[882 882] [883 883]
0.5001131221719457
[883 883] [884 884]
0.5001129943502826
[884 884] [885 885]
0.5001128668171558
[885 885] [886 886]
0.5001127395715896
[886 886] [887 887]
0.5001126126126126
[887 887] [888 888]
0.5001124859392576
[888 888] [889 889]
0.5001123595505618
[889 889] [890 890]
0.5001122334455668
[890 890] [891 891]
0.5001121076233184
[891 891] [892 892]
0.5001119820828668
[892 892] [893 893]
0.5001118568232662
[893 893] [894 894]
0.5001117318435755
[894 894] [895 895]
0.5001116071428572
[895 895] [896 896]
0.5001114827201784
[896 896] [897 897]
0.5001113585746103
[897 897] [898 898]
0.500111234705228
[898 898] [899 899]
0.5001111111111112
[899 899] [900 900]
0.500110987791343
[900 900] [901 901]
0.5001108647450111
[901 901] [902 902]
0.5001107419712071
[902 902] [903 903]
0.5001106194690266
[903 903] [904 904]
0.5001104972375691
[904 904] [905 905]
0.5001103752759383
[905 905] [906 906]
0.5001102535832415
[906 906] [907 907]
0.5001101321585903
[907 907] [908 908]
0.5001100110011001
[908 908] [909 909]
0.5001098901098902
[909 909] [910 910]
0.5001097694840835
[910 910] [911 911]
0.5001096491228071
[911 911] [912 912]
0.5001095290251917
[912 912] [913 913]
0.5001094091903721
[913 913] [914 914]
0.5001092896174864
[914 914] [915 915]
0.5001091703056769
[915 915] [916 916]
0.5001090512540894
[916 916] [917 917]
0.5001089324618737
[917 917] [918 918]
0.5001088139281828
[918 918] [919 919]
0.500108695652174
[919 919] [920 920]
0.5001085776330076
[920 920] [921 921]
0.5001084598698482
[921 921] [922 922]
0.5001083423618635
[922 922] [923 923]
0.5001082251082252
[923 923] [924 924]
0.5001081081081081
[924 924] [925 925]
0.5001079913606912
[925 925] [926 926]
0.5001078748651564
[926 926] [927 927]
0.5001077586206897
[927 927] [928 928]
0.5001076426264801
[928 928] [929 929]
0.5001075268817204
[929 929] [930 930]
0.5001074113856069
[930 930] [931 931]
0.5001072961373391
[931 931] [932 932]
0.5001071811361201
[932 932] [933 933]
0.5001070663811563
[933 933] [934 934]
0.5001069518716578
[934 934] [935 935]
0.5001068376068376
[935 935] [936 936]
0.5001067235859125
[936 936] [937 937]
0.5001066098081024
[937 937] [938 938]
0.5001064962726305
[938 938] [939 939]
0.5001063829787235
[939 939] [940 940]
0.500106269925611
[940 940] [941 941]
0.5001061571125266
[941 941] [942 942]
0.5001060445387063
[942 942] [943 943]
0.5001059322033898
[943 943] [944 944]
0.5001058201058202
[944 944] [945 945]
0.5001057082452431
[945 945] [946 946]
0.5001055966209081
[946 946] [947 947]
0.5001054852320675
[947 947] [948 948]
0.5001053740779768
[948 948] [949 949]
0.5001052631578947
[949 949] [950 950]
0.5001051524710831
[950 950] [951 951]
0.5001050420168067
[951 951] [952 952]
0.5001049317943337
[952 952] [953 953]
0.500104821802935
[953 953] [954 954]
0.5001047120418849
[954 954] [955 955]
0.5001046025104603
[955 955] [956 956]
0.5001044932079415
[956 956] [957 957]
0.5001043841336117
[957 957] [958 958]
0.500104275286757
[958 958] [959 959]
0.5001041666666667
[959 959] [960 960]
0.5001040582726327
[960 960] [961 961]
0.5001039501039501
[961 961] [962 962]
0.500103842159917
[962 962] [963 963]
0.500103734439834
[963 963] [964 964]
0.5001036269430053
[964 964] [965 965]
0.5001035196687371
[965 965] [966 966]
0.5001034126163392
[966 966] [967 967]
0.500103305785124
[967 967] [968 968]
0.5001031991744066
[968 968] [969 969]
0.5001030927835052
[969 969] [970 970]
0.5001029866117405
[970 970] [971 971]
0.5001028806584362
[971 971] [972 972]
0.5001027749229189
[972 972] [973 973]
0.5001026694045175
[973 973] [974 974]
0.5001025641025642
[974 974] [975 975]
0.5001024590163935
[975 975] [976 976]
0.5001023541453429
[976 976] [977 977]
0.5001022494887526
[977 977] [978 978]
0.5001021450459653
[978 978] [979 979]
0.5001020408163266
[979 979] [980 980]
0.5001019367991846
[980 980] [981 981]
0.50010183299389
[981 981] [982 982]
0.5001017293997966
[982 982] [983 983]
0.5001016260162602
[983 983] [984 984]
0.5001015228426396
[984 984] [985 985]
0.5001014198782961
[985 985] [986 986]
0.5001013171225938
[986 986] [987 987]
0.5001012145748988
[987 987] [988 988]
0.5001011122345804
[988 988] [989 989]
0.5001010101010102
[989 989] [990 990]
0.5001009081735621
[990 990] [991 991]
0.5001008064516129
[991 991] [992 992]
0.5001007049345418
[992 992] [993 993]
0.5001006036217304
[993 993] [994 994]
0.5001005025125629
[994 994] [995 995]
0.5001004016064258
[995 995] [996 996]
0.5001003009027082
[996 996] [997 997]
0.5001002004008016
[997 997] [998 998]
0.5001001001001001
[998 998] [999 999]
0.5001
[1000 1000]
